50
1 0 8 20
2 0 7 10
3 1 4 50
4 3 2 80
5 4 5 180
6 4 4 17
7 4 2 35
8 5 4 15
9 6 2 101
10 7 6 45
11 8 4 37
12 8 3 68
13 9 1 163
14 10 2 75
15 16 5 98
16 17 5 25
17 19 4 30
18 20 3 59
19 20 7 125
20 23 5 201
21 23 5 94
22 23 2 133
23 33 7 45
24 34 6 39
25 35 1 57
26 38 8 111
27 47 4 260
28 41 7 156
29 44 1 88
30 44 6 320
31 47 7 99
32 48 4 186
33 51 7 142
34 53 3 155
35 53 1 302
36 57 7 215
37 61 4 106
38 64 6 78
39 68 7 76
40 68 8 125
41 71 8 168 
42 73 2 222
43 75 4 239
44 78 1 325
45 100 3 200
46 107 5 120
47 116 4 199
48 117 8 305
49 216 6 298
50 258 7 401













